((("golai" .
   [0 0 0 0 1])
  ("float.h" .
   [4 0 1 2 0 0 1])
  ("std" .
   [2 0 0])
  ("cout" .
   [0 0 1 0])
  ("printf" .
   [0 0 0 0 0 1])
  ("stdlib.h" .
   [1 0 0 1 0 0 0 0])
  ("aalala" .
   [0 1 2 0 0 0])
  ("stdint.h" .
   [1 0 0 1 0 0 0 0])
  ("while" .
   [0 0 0 1 1])
  ("test_main" .
   [0 0 0 0 1 0 0 1 0])
  ("main" .
   [1 0 0 2])
  ("stdio.h" .
   [3 0 1 2 0 0 0])
  ("include" .
   [0 0 1 4 3 1 4])
  ("float" .
   [0 0 0 7 1])
  ("FLAC/" .
   [1 0 0 0 0])
  ("goto" .
   [1 0 0 0])))
